# -*- coding: utf-8 -*-
"""
Created on Sun Apr 16 23:19:59 2017

@author: Jon
"""

userMap = [[0,0,0,0,0,0,0,-5,0,1,0,0,0,-3,-3,-3,-3,-3,-3,0],
               [0,0,0,0,0,-5,-5,-5,-5,1,0,0,0,0,0,0,0,0,0,-3],
               [0,0,0,0,0,0,0,0,0,1,1,1,-1,1,1,1,1,1,1,0],
               [-3,1,1,-5,1,-5,1,0,-5,1,0,0,0,0,0,0,0,0,0,0],
               [-3,-3,1,0,0,0,0,0,0,1,0,0,1,1,1,1,1,1,1,1],
               [0,0,0,1,0,0,0,0,0,0,1,0,0,0,0,1,0,0,0,0],
               [0,0,0,0,1,1,0,0,0,0,0,1,0,0,0,0,1,0,0,0],
               [0,  0,0,0,0,0,1,0,0,0,0,0,1,0,0,0,0,1,0,0],
               [0,0,0,0,0,0,0,1,1,0,0,0,0,1,0,0,0,0,1,0],
               [0,0,0,0,0,0,0,0,0,1,0,0,0,0,1,0,0,0,0,1],
               [0,0,0,0,0,0,0,0,0,-3,1,0,0,1,0,0,0,1,0,0],
               [0,0,0,0,0,0,0,0,0,-3,-3,1,-1,-1,1,0,1,0,0,0],
               [0,0,0,0,0,0,0,0,0,-3,-3,1,-1,-1,-1,1,0,0,0,0],
               [0,1,1,1,1,0,0,0,0,-3,1,0,0,-1,-1,0,0,0,-5,-5],
               [0,1,0,0,1,0,0,0,0,1,0,0,0,0,0,0,0,0,-5,-5],
               [0,1,0,0,1,0,0,0,1,-5,0,0,0,0,0,0,0,1,1,-5],
               [0,1,0,1,0,0,0,1,1,0,1,1,0,0,0,1,1,1,-5,-5],
               [0,-5,-5,1,0,0,0,1,0,0,0,1,0,0,1,1,1,0,-5,-5],
               [0,1,-5,-5,1,-5,1,-5,0,0,0,0,1,1,1,0,0,0,0,0],
               [0,1,0,0,0,0,-5,-5,0,0,0,0,0,0,0,0,0,0,0,0]]